iops	wrnd	bw	lat	rrnd	i	cap	rdsz	s	warm	qdep	wr	str	test	wght	wrsz	
1226	50	146.40	3.26	100	0	128	12	0	0.0	4	50	1	60.0	1	232	
4695	0	269.60	5.96	50	0	128	188	0	0.0	28	75	1	60.0	1	16	
820	0	179.57	29.24	0	0	128	164	0	0.0	24	75	1	60.0	1	244	
1658	100	236.52	21.70	50	0	128	144	0	0.0	36	50	1	60.0	0	148	
2584	100	524.89	7.74	100	0	128	208	0	0.0	20	0	1	60.0	1	204	
1452	50	173.11	35.81	0	0	128	80	0	0.0	52	75	1	60.0	1	136	
9810	100	208.34	0.81	0	0	128	84	0	0.0	8	75	1	60.0	1	1	
3241	100	329.24	16.04	100	0	128	104	0	0.0	52	25	1	60.0	1	104	
1341	0	190.84	11.93	100	0	128	76	0	0.0	16	50	1	60.0	1	216	
1514	0	221.83	5.28	100	0	128	136	0	0.0	8	50	1	60.0	1	164	
