2,25663952,8192,R,15391.407551
0,31498512,8192,R,15391.415667
1,30453248,8192,R,15391.419384
0,21788688,24576,R,15391.431922
1,34379184,32768,R,15391.433520
1,34379248,32768,R,15391.433742
1,30425536,8192,R,15391.441643
0,30944432,8192,R,15391.527710
1,30673584,8192,R,15391.555408
2,21675184,8192,R,15391.567783
2,13262544,24576,R,15391.579389
2,13262592,32768,R,15391.594077
2,21736512,8192,R,15391.606008
0,30906736,8192,R,15391.612241
0,31966384,8192,R,15391.618339
2,13262656,8192,R,15391.635277
1,30184272,8192,R,15391.641788
2,12794192,8192,R,15391.662118
1,21937024,24576,R,15391.665006
1,21937072,32768,R,15391.679676
2,22253296,8192,R,15391.685814
1,21937136,8192,R,15391.691514
0,31275168,32768,R,15391.692224
0,31275232,16384,R,15391.692447
2,8645840,8192,R,15391.705878
2,12794208,32768,R,15391.721321
2,8645856,32768,R,15391.733372
2,8645920,24576,R,15391.733589
1,30140160,8192,R,15391.747260
2,21437168,8192,R,15391.757297
0,22257552,8192,R,15391.759425
2,22168672,8192,R,15391.767462
2,12794272,24576,R,15391.776358W
1,593776,8192,R,15391.787243
1,30384656,8192,R,15391.803907
1,593792,32768,R,15391.804479
0,30624944,8192,R,15391.807252
0,30556272,8192,R,15391.817443
1,593856,24576,R,15391.821851
2,21437616,8192,R,15391.828236
2,22032400,8192,R,15391.837183
2,21387904,8192,R,15391.839079
1,30402640,8192,R,15391.846411
2,21500496,8192,R,15391.854121
1,30130432,8192,R,15391.877445
1,33400880,8192,R,15391.878712
0,30799568,8192,R,15391.881379
0,30696656,8192,R,15391.891410
2,24898144,32768,R,15391.902206
1,30377232,8192,R,15391.905427
2,24898208,32768,R,15391.913434
1,33400896,32768,R,15391.940123
0,31966400,8192,R,15391.945685
0,31966416,8192,R,15391.961801
1,33612336,8192,R,15391.967131
1,33612352,32768,R,15391.990679
1,33612416,24576,R,15392.002297
1,33400960,24576,R,15392.022196
2,22948704,24576,R,15392.029853
2,22948752,32768,R,15392.046575
0,33918304,8192,R,15392.057199
2,22948816,8192,R,15392.061074
2,22350560,8192,R,15392.076153
0,33918320,32768,R,15392.079822
0,33918384,24576,R,15392.090709
2,22415968,32768,R,15392.099743
2,22416032,16384,R,15392.099960
0,32754064,8192,R,15392.105798
1,31032432,8192,R,15392.116860
1,31032416,8192,R,15392.131921
2,9489184,8192,R,15392.138518
2,24898272,8192,R,15392.140364
1,33027920,8192,R,15392.142689
2,24898288,32768,R,15392.153082
2,24898352,24576,R,15392.162357
0,32588704,8192,R,15392.165630
2,23493184,8192,R,15392.181573
0,30810496,8192,R,15392.183852
1,33612464,8192,R,15392.189990
2,22148224,8192,R,15392.194478
0,30810512,8192,R,15392.197723
0,30810576,8192,R,15392.197943
1,30500704,8192,R,15392.202386
0,31088400,8192,R,15392.222997
1,33612480,32768,R,15392.224592
1,33612544,24576,R,15392.224825
0,31063040,8192,R,15392.234153
1,31032448,8192,R,15392.240772
1,31032464,16384,R,15392.246074
2,21784912,8192,R,15392.247125
0,33707136,8192,R,15392.267479
0,31341152,16384,R,15392.280135
1,30084176,8192,R,15392.280692
2,22350576,32768,R,15392.318835
2,22350640,24576,R,15392.319052
0,33918432,32768,R,15392.320265
0,33918496,32768,R,15392.320485
0,31574432,8192,R,15392.324873
1,23046080,8192,R,15392.337209
0,33707152,32768,R,15392.349185
2,25376816,8192,R,15392.352022
0,30505584,8192,R,15392.354036
2,9488592,8192,R,15392.354960
2,25376832,16384,R,15392.364570
0,30963808,32768,R,15392.365599
0,30963872,24576,R,15392.365823
1,30684720,8192,R,15392.375098
2,21977392,8192,R,15392.385423
1,32089040,8192,R,15392.401446
1,31047312,8192,R,15392.402293
1,30649648,8192,R,15392.405655
2,22506656,8192,R,15392.406635
0,32598896,8192,R,15392.415490
2,22303776,8192,R,15392.415848
2,22506672,16384,R,15392.417225
1,23046096,24576,R,15392.420554
2,21933424,8192,R,15392.423328
2,21990416,8192,R,15392.424828
2,22303760,8192,R,15392.428848
2,13356592,8192,R,15392.436092
0,32564592,8192,R,15392.451239
1,30889264,8192,R,15392.453657
1,33650368,8192,R,15392.468294
1,18289152,32768,R,15392.471393
1,18289216,8192,R,15392.471618
1,30886736,8192,R,15392.476083
2,13356608,8192,R,15392.490935
2,9054928,32768,R,15392.497981
2,9054992,16384,R,15392.498226
1,22031232,24576,R,15392.523101
1,22031280,32768,R,15392.527737
1,30933552,32768,R,15392.546393
1,30933616,8192,R,15392.546618
0,30741392,8192,R,15392.549154
1,22031344,8192,R,15392.549384
0,125088,8192,R,15392.562409
1,30740912,8192,R,15392.565701
0,31209824,8192,R,15392.573440
0,31209840,8192,R,15392.582010
2,25719744,8192,R,15392.582696
0,30919856,8192,R,15392.589756
0,22351616,24576,R,15392.598418
0,30734256,8192,R,15392.605910
0,125104,32768,R,15392.606947
1,30129328,8192,R,15392.615653
0,22351664,32768,R,15392.616026
2,9488608,8192,R,15392.616803
1,30433424,8192,R,15392.634626
0,22351728,8192,R,15392.644139
2,21547424,8192,R,15392.653862
2,21948368,8192,R,15392.654088
0,30740192,8192,R,15392.656515
0,30993344,8192,R,15392.672044
1,30428320,8192,R,15392.681176
1,30683888,8192,R,15392.686039
2,21512752,8192,R,15392.692585
2,266096,32768,R,15392.693148
2,266160,32768,R,15392.706400
0,30440896,8192,R,15392.718003
1,30735568,8192,R,15392.724844
1,30446688,8192,R,15392.744609
2,25585504,24576,R,15392.765102
2,25585552,32768,R,15392.780356
2,25585616,8192,R,15392.791389
1,30924512,8192,R,15392.806484
2,22112912,8192,R,15392.833580
1,30310240,8192,R,15392.902454
1,30446640,8192,R,15392.932575
2,22053216,8192,R,15392.959980
2,21833392,8192,R,15392.969325
1,30536048,8192,R,15392.983835
0,30580816,8192,R,15393.023314
0,30677392,8192,R,15393.039514
1,30312896,8192,R,15393.052445
2,9491200,8192,R,15393.057603
0,31985088,8192,R,15393.065122
0,31985072,8192,R,15393.075855
0,32512512,8192,R,15393.077579
1,30191312,8192,R,15393.081201
1,30371104,8192,R,15393.089158
1,30371216,8192,R,15393.097592
0,30681568,8192,R,15393.113996
1,30372640,8192,R,15393.132634
0,31534128,8192,R,15393.244236
0,31534144,32768,R,15393.253304
1,33672720,8192,R,15393.268686
1,30956896,8192,R,15393.273292
1,30428416,8192,R,15393.275749
1,21929968,8192,R,15393.291190
1,30956912,24576,R,15393.292146
0,30681104,8192,R,15393.340192
1,30401888,8192,R,15393.343005
0,346480,32768,R,15393.385882
0,346544,8192,R,15393.386103
2,21821264,8192,R,15393.401470
1,30564992,8192,R,15393.426941
1,30119776,8192,R,15393.427164
0,31798880,32768,R,15393.458548
0,31798944,16384,R,15393.458767
0,30820880,8192,R,15393.474887
0,22250272,32768,R,15393.484409
1,30506560,8192,R,15393.485529
0,31184496,8192,R,15393.496309
0,31198496,8192,R,15393.524621
0,22250336,32768,R,15393.526916
1,30905184,8192,R,15393.528100
1,61664,8192,R,15393.531425
2,22073296,8192,R,15393.537055
0,31190064,8192,R,15393.550286
0,31184352,8192,R,15393.559213
0,31072384,8192,R,15393.579443
0,30821792,8192,R,15393.579910
0,31071280,8192,R,15393.588671
0,31039904,8192,R,15393.599792
1,30728352,8192,R,15393.613868
1,33609520,32768,R,15393.667871
1,33609584,8192,R,15393.668090
0,31549904,8192,R,15393.672334
0,31364912,8192,R,15393.680653
0,57328,32768,R,15393.682105
1,30202304,8192,R,15393.686816
0,31549888,8192,R,15393.691648
0,31364896,8192,R,15393.700557
2,23278112,8192,R,15393.711186
1,33609600,24576,R,15393.723010
2,25531616,32768,R,15393.726032
0,22815328,8192,R,15393.726686
2,25531680,32768,R,15393.730058
2,23717664,8192,R,15393.743746
0,18994528,8192,R,15393.763094
0,31353248,8192,R,15393.771356
0,22815344,24576,R,15393.775233
0,30591344,8192,R,15393.776853
0,30690016,8192,R,15393.777167
2,23278128,24576,R,15393.786201
2,23717680,24576,R,15393.792907
0,32600016,8192,R,15393.800950
2,21800592,8192,R,15393.809626
0,31427472,8192,R,15393.815515
2,11200096,8192,R,15393.822624
0,30806992,8192,R,15393.824529
0,30816352,8192,R,15393.826579
1,30235040,8192,R,15393.833223
0,30406928,8192,R,15393.835887
2,24226576,8192,R,15393.837370
1,32155920,8192,R,15393.838304
2,21383872,8192,R,15393.845725
2,22571136,8192,R,15393.854341
0,30806448,8192,R,15393.855275
2,11200112,32768,R,15393.855502
2,11200176,16384,R,15393.855723
2,21755808,8192,R,15393.863329
0,18994544,32768,R,15393.868280
1,30118096,8192,R,15393.872671
1,30115840,8192,R,15393.891466
2,21670432,8192,R,15393.904441
2,21640832,8192,R,15393.917956
1,30439232,8192,R,15393.932283
0,33915488,8192,R,15393.938108
0,30778192,8192,R,15393.945586
1,31264432,8192,R,15393.957094
1,32429488,8192,R,15393.971824
2,21933520,8192,R,15393.975048
2,21638240,8192,R,15393.980153
1,30557376,8192,R,15393.993563
0,30944576,8192,R,15393.998598
0,30854192,8192,R,15394.007624
2,25338208,8192,R,15394.009998
2,21469376,8192,R,15394.014362
2,21931376,8192,R,15394.019282
1,30243824,8192,R,15394.026153
0,31093408,8192,R,15394.040528
0,31397328,8192,R,15394.041036
2,22043536,8192,R,15394.041382
2,9367376,24576,R,15394.043372
1,32671888,8192,R,15394.054980
1,30885264,8192,R,15394.055344
0,30577952,8192,R,15394.073452
0,30924320,8192,R,15394.089521
0,31081104,8192,R,15394.110516
1,30597856,8192,R,15394.119124
0,30832544,8192,R,15394.134265
0,31076432,8192,R,15394.146539
0,19312448,8192,R,15394.150362
2,25338224,32768,R,15394.153895
2,25338288,24576,R,15394.154110
0,30874672,8192,R,15394.169415
0,19312464,32768,R,15394.187395
1,32155936,8192,R,15394.188018
1,21442496,8192,R,15394.222238
0,19312528,8192,R,15394.225712
0,19312640,16384,R,15394.225934
2,24677168,8192,R,15394.243033
1,30852784,8192,R,15394.251498
0,21827888,8192,R,15394.252258
2,21524864,8192,R,15394.285621
0,30931872,8192,R,15394.325605
1,21442512,8192,R,15394.330578
1,21442528,16384,R,15394.344645
1,21756928,32768,R,15394.352639
2,10321616,8192,R,15394.371405
2,23768192,8192,R,15394.387981
1,31057920,8192,R,15394.403740
2,10321632,32768,R,15394.408439
1,30589792,8192,R,15394.409327
1,31057936,16384,R,15394.412901
1,21756992,8192,R,15394.425436
2,21615568,8192,R,15394.435516
0,21763136,16384,R,15394.436210
2,10321696,24576,R,15394.445039
0,30582960,8192,R,15394.449533
0,21763168,32768,R,15394.462047
0,21763232,16384,R,15394.488607
2,21664304,8192,R,15394.490821
1,33150160,8192,R,15394.496470
0,30670176,8192,R,15394.497955
2,23855584,32768,R,15394.503246
2,23855648,16384,R,15394.503462
1,30305952,8192,R,15394.507076
2,24677184,8192,R,15394.508151
1,33150176,32768,R,15394.509208
1,33150240,8192,R,15394.509433
0,30863232,8192,R,15394.531347
2,24677200,8192,R,15394.538789
1,33669120,8192,R,15394.539012
1,31206944,8192,R,15394.547194
2,23855680,16384,R,15394.549269
1,30552720,8192,R,15394.568831
0,31218912,8192,R,15394.573436
1,33390768,24576,R,15394.578790
2,12965392,8192,R,15394.585660
0,31218928,8192,R,15394.587396
1,30551920,8192,R,15394.599741
2,24948688,8192,R,15394.599870
1,30820432,8192,R,15394.615664
1,33390816,32768,R,15394.619888
1,32567728,16384,R,15394.626894
2,12965408,24576,R,15394.634846
1,21639680,8192,R,15394.659017
1,33390880,8192,R,15394.662639
1,32567760,32768,R,15394.668103
1,21639696,32768,R,15394.674008
1,21639760,24576,R,15394.678712
1,32567824,16384,R,15394.705974
0,21960224,8192,R,15394.720112
0,21960240,32768,R,15394.741247
0,21960304,24576,R,15394.752896
2,22140368,8192,R,15394.766090
2,12965456,8192,R,15394.796684
2,23960656,8192,R,15394.799869
2,12965472,32768,R,15394.805703
1,31280448,8192,R,15394.806982
2,12965536,24576,R,15394.818504
2,25486736,8192,R,15394.821134
1,21639808,8192,R,15394.830735
2,22052784,8192,R,15394.832823
0,23247920,8192,R,15394.834283
1,21639824,32768,R,15394.840004
1,21639888,24576,R,15394.843915
1,31112544,8192,R,15394.859093
0,34357376,32768,R,15394.871346
0,21960352,8192,R,15394.872549
1,30702256,8192,R,15394.873608
0,21960368,32768,R,15394.880289
1,31099360,8192,R,15394.881894
1,31099376,32768,R,15394.898796
0,21960432,24576,R,15394.899016
1,30695312,8192,R,15394.899237
0,31152304,8192,R,15394.913807
0,33101968,8192,R,15394.931045
2,12965584,8192,R,15394.932989
2,12965600,32768,R,15394.943095
0,31146752,8192,R,15394.945250
2,12965664,24576,R,15394.947409
1,19075328,24576,R,15394.953896
1,21639936,8192,R,15394.974565
2,22111168,8192,R,15394.976426
1,21639952,32768,R,15394.978177
2,22109904,8192,R,15394.989967
1,21640016,24576,R,15394.993220
2,21481216,8192,R,15395.006762
1,33487792,32768,R,15395.018830
2,22015504,8192,R,15395.019047
1,19075440,8192,R,15395.021377
1,17610032,8192,R,15395.022570
1,30302480,8192,R,15395.022800
0,30444368,8192,R,15395.032450
1,33487856,32768,R,15395.034724
2,22014928,8192,R,15395.039333
0,30998112,8192,R,15395.045696
0,31432144,8192,R,15395.045919
2,22478416,8192,R,15395.053840
2,22478400,8192,R,15395.063188
1,31924240,8192,R,15395.068685
1,31677712,8192,R,15395.079150
0,32908896,32768,R,15395.083582
0,32908960,8192,R,15395.086317
2,21590064,8192,R,15395.089762
1,30317808,8192,R,15395.096925
2,21585856,8192,R,15395.103423
1,30317792,8192,R,15395.111903
0,33793760,32768,R,15395.115594
0,33793824,32768,R,15395.131829
2,21616352,8192,R,15395.133695
2,21616416,16384,R,15395.133911
1,31924256,8192,R,15395.140534
0,30811584,8192,R,15395.142483
1,30272128,8192,R,15395.157822
2,21798640,8192,R,15395.164873
0,31132240,8192,R,15395.178904
2,21810752,8192,R,15395.179279
2,24773728,32768,R,15395.187173
1,30304944,8192,R,15395.189655
1,30159424,8192,R,15395.200366
2,24773792,32768,R,15395.201079
2,21409760,32768,R,15395.202382
1,30551424,8192,R,15395.202606
2,21847936,8192,R,15395.210926
2,21498176,8192,R,15395.216877
1,33487920,32768,R,15395.226948
1,33487984,32768,R,15395.233474
0,30498416,8192,R,15395.238778
1,30358736,8192,R,15395.243825
1,30489296,8192,R,15395.251587
0,30653984,8192,R,15395.255617
0,19282608,8192,R,15395.256310
1,30364864,8192,R,15395.270050
1,30850784,8192,R,15395.281526
0,33793888,32768,R,15395.294069
2,22144960,8192,R,15395.294830
2,24740336,8192,R,15395.296271
2,21860976,8192,R,15395.301690
0,33793952,32768,R,15395.301825
0,30869360,8192,R,15395.312684
1,265456,8192,R,15395.312894
2,24773856,32768,R,15395.325925
2,21614480,8192,R,15395.341938
0,19282624,16384,R,15395.344266
1,31052992,8192,R,15395.347533
2,21561312,8192,R,15395.355412
0,30714544,8192,R,15395.361297
1,31052976,8192,R,15395.367844
2,21517664,8192,R,15395.370888
1,18519104,8192,R,15395.374824
1,30842816,8192,R,15395.391404
1,265472,8192,R,15395.405846
1,30162704,8192,R,15395.418024
1,18519120,24576,R,15395.436291
1,19933744,8192,R,15395.444455
0,31065392,8192,R,15395.446672
0,30538064,8192,R,15395.474527
0,231536,24576,R,15395.477302
2,21525136,8192,R,15395.487248
2,21891776,8192,R,15395.495409
0,32672896,32768,R,15395.506847
0,32672960,32768,R,15395.507066
0,33751968,8192,R,15395.508519
2,25669344,32768,R,15395.529847
0,31589360,8192,R,15395.540362
0,30997728,8192,R,15395.551852
2,25487520,8192,R,15395.556800

